0.1 0.497363752535389 0.581440751804131 0.540077208046432 0.54030230586814
0.01 0.536085981011869 0.544500620737598 0.540300054611331 0.54030230586814
0.001 0.539881480360327 0.540722951275052 0.540302283355554 0.54030230586814
0.0001 0.540260231418621 0.540344378516799 0.540302305643836 0.54030230586814
1e-05 0.540298098505865 0.540306513208133 0.540302305873652 0.54030230586814
1e-06 0.54030188512133 0.540302726670383 0.540302305895856 0.54030230586814
1e-07 0.540302264040448 0.540302347307175 0.5403023051187 0.54030230586814
1e-08 0.540302302898254 0.540302314000484 0.540302302898254 0.54030230586814
1e-09 0.540302358409406 0.540302247387103 0.540302247387103 0.54030230586814
1e-10 0.540302247387103 0.540302247387103 0.540303357610128 0.54030230586814
1e-11 0.540301137164078 0.540301137164078 0.540301137164078 0.54030230586814
1e-12 0.540345546085063 0.540234523782601 0.540456568387526 0.54030230586814
1e-13 0.539568389967826 0.540678612992451 0.539568389967826 0.54030230586814
1e-14 0.544009282066326 0.544009282066326 0.544009282066326 0.54030230586814
1e-15 0.555111512312578 0.555111512312578 0.555111512312578 0.54030230586814
1e-16 0 1.11022302462516 0 0.54030230586814
1e-17 0 0 0 0.54030230586814
