1.000000000000000e-01 0.497363752535389 0.581440751804131 0.540077208046432 0.540302305868140

1.000000000000000e-02 0.536085981011869 0.544500620737598 0.540300054611331 0.540302305868140

1.000000000000000e-03 0.539881480360327 0.540722951275052 0.540302283355554 0.540302305868140

1.000000000000000e-04 0.540260231418621 0.540344378516799 0.540302305643836 0.540302305868140

1.000000000000000e-05 0.540298098505865 0.540306513208133 0.540302305873652 0.540302305868140

1.000000000000000e-06 0.540301885121330 0.540302726670383 0.540302305895856 0.540302305868140

1.000000000000000e-07 0.540302264040448 0.540302347307175 0.540302305118700 0.540302305868140

1.000000000000001e-08 0.540302302898254 0.540302314000484 0.540302302898254 0.540302305868140

1.000000000000000e-09 0.540302358409406 0.540302247387103 0.540302247387103 0.540302305868140

1.000000000000001e-10 0.540302247387103 0.540302247387103 0.540303357610128 0.540302305868140

1.000000000000001e-11 0.540301137164078 0.540301137164078 0.540301137164078 0.540302305868140

1.000000000000001e-12 0.540345546085063 0.540234523782601 0.540456568387526 0.540302305868140

1.000000000000001e-13 0.539568389967826 0.540678612992451 0.539568389967826 0.540302305868140

1.000000000000001e-14 0.544009282066326 0.544009282066326 0.544009282066326 0.540302305868140

1.000000000000001e-15 0.555111512312578 0.555111512312578 0.555111512312578 0.540302305868140

1.000000000000001e-16 0.000000000000000 1.110223024625155 0.000000000000000 0.540302305868140

1.000000000000001e-17 0.000000000000000 0.000000000000000 0.000000000000000 0.540302305868140

